93489348194939934819493919493993481949393481949399348194939993481949399348194939
93489348194939934819493919493993481949393481949399348194939993481949399348194939
93489348194939934819493919493993481949393481949399348194939993481949399348194939
93489348194939934819493919493993481949393481949399348194939993481949399348194939
93489348194939934819493919493993481949393481949399348194939993481949399348194939
93489348194939934819493919493993481949393481949399348194939993481949399348194939
93489348194939934819493919493993481949393481949399348194939993481949399348194939
93489348194939934819493919493993481949393481949399348194939993481949399348194939
93489348194939934819493919493993481929393481949399348194939993481949399348194939
93489348194939934819493919493993481949393481949399348194939993481949399348194939
93489348194939934819493919493993481949393481949399348194939993481949399348194939
93489348194939934819493919493993481949393481949399348194939993481949399348194939
93489348194939934819493919493993481949393481949399348194939993481949399348194939
93489348194939934819493919493993481949393481949399348194939993481949399348194939
93489348194939934819493919493993481949393481949399348194939993481949399348194939
93489348194939934819493919493993481949393481949399348194939993481949399348194939
93489348194939934819493919493993481949393481949399348194939993481949399348194939
93489348194939934819493919493993481949393481949399348194939993481949399348194939
93489348194939934819493919493993481949393481949399348194939993481949399348194939
93489348194939934819493919493993481949393481949399348194939993481949399348194939
93489348194939934819493919493993481949393481949399348194939993481949399348194939
93489348194939934819493919493993481949393481949399348194939993481949399348194939
93489348194939934819493919493993481949393481949399348194939993481949399348194939
93489348194939934819493919493993481949393481949399348194939993481949399348194939
93489348194939934819493919493993481949393481949399348194939993481949399348194939
93489348194939934819493919493993481949393481949399348194939993481949399348194939
93489348194939934819493919493993481949393481949399348194939993481949399348194939
93489348194939934819493919493993481949393481949399348194939993481949399348194939
93489348194939934819493919493993481949393481949399348194939993481949399348194939
93489348194939934819493919493993481949393481949399348194939993481949399348194939
93489348194939934819493919493993481949393481949399348194939993481949399348194939
93489348194939934819493919493993481949393481949399348194939993481949399348194939
93489348194939934819493919493993481949393481949399348194939993481949399348194939
93489348194939934819493919493993481949393481949399348194939993481949399348194939
93489348194939934819493919493993481949393481949399348194939993481949399348194939
93489348194939934819493919493993481949393481949399348194939993481949399348194939
93489348194939934819493919493993481949393481949399348194939993481949399348194939
93489348194939934819493919493993481949393481949399348194939993481949399348194939
93489348194939934819493919493993481949393481949399348194939993481949399348194939
93489348194939934819493919493993481949393481949399348194939993481949399348194939
93489348194939934819493919493993481949393481949399348194939993481949399348194939
93489348194939934819493919493993481949393481949399348194939993481949399348194939
93489348194939934819493919493993481949393481949399348194939993481949399348194939
93489348194939934819493919493993481949393481949399348194939993481949399348194939
93489348194939934819493919493993481949393481949399348194939993481949399348194939
93489348194939934819493919493993481949393481949399348194939993481949399348194939
93489348194939934819493919493993481949393481949399348194939993481949399348194939
93489348194939934819493919493993481949393481949399348194939993481949399348194939
93489348194939934819493919493993481949393481949399348194939993481949399348194939
93489348194939934819493919493993481949393481949399348194939993481949399348194939
93489348194939934819493919493993481949393481949399348194939993481949399348194939
93489348194939934819493919493993481949393481949399348194939993481949399348194939
93489348194939934819493919493993481949393481949399348194939993481949399348194939
93489348194939934819493919493993481949393481949399348194939993481949399348194939
93489348194939934819493919493993481949393481949399348194939993481949399348194939
93489348194939934819493919493993481949393481949399348194939993481949399348194939
93489348194939934819493919493993481949393481949399348194939993481949399348194939
93489348194939934819493919493993481949393481949399348194939993481949399348194939
93489348194939934819493919493993481949393481949399348194939993481949399348194939
93489348194939934819493919493993481949393481949399348194939993481949399348194939
93489348194939934819493919493993481949393481949399348194939993481949399348194939
93489348194939934819493919493993481949393481949399348194939993481949399348194939
93489348194939934819493919493993481949393481949399348194939993481949399348194939
93489348194939934819493919493993481949393481949399348194939993481949399348194939
93489348194939934819493919493993481949393481949399348194939993481949399348194939
93489348194939934819493919493993481949393481949399348194939993481949399348194939
93489348194939934819493919493993481949393481949399348194939993481949399348194939
93489348194939934819493919493993481949393481949399348194939993481949399348194939
93489348194939934819493919493993481949393481949399348194939993481949399348194939
93489348194939934819493919493993481949393481949399348194939993481949399348194939
93489348194939934819493919493993481949393481949399348194939993481949399348194939
93489348194939934819493919493993481949393481949399348194939993481949399348194939
93489348194939934819493919493993481949393481949399348194939993481949399348194939
93489348194939934819493919493993481949393481949399348194939993481949399348194939
93489348194939934819493919493993481949393481949399348194939993481949399348194939
93489348194939934819493919493993481949393481949399348194939993481949399348194939
93489348194939934819493919493993481949393481949399348194939993481949399348194939
93489348194939934819493919493993481949393481949399348194939993481949399348194939
93489348194939934819493919493993481949393481949399348194939993481949399348194939
93489348194939934819493919493993481949393481949399348194939993481949399348194939


asdsa

asdsa